Zr	Fescp	Fbary	sfe	yfe2
   1.0065936e+01   1.0113317e+02   1.9925393e-01   2.3939232e-11   1.9240016e-01
   1.0089059e+01   5.7293788e+01   1.0718978e-01   1.2641371e-10   1.3602595e-01
   1.0133370e+01   4.3775531e+01   6.6580873e-02   1.1605510e-10   9.3167540e-02
   1.0206953e+01   3.8211384e+01   1.2437477e-01   1.6849100e-10   1.7859005e-01
   1.0249204e+01   9.0422094e+01   1.4799966e-01   7.4115956e-11   1.4159954e-01
   1.0318765e+01   8.0534949e+01   7.3988519e-02   1.4601686e-10   1.4008440e-01
   1.0396843e+01   6.7053501e+01   1.0649489e-01   9.2906379e-11   1.4805185e-01
   1.0420012e+01   6.9376673e+01   1.2395265e-01   7.1000130e-11   1.4797685e-01
   1.0511953e+01   3.8914695e+01   5.6281209e-03   1.4346930e-10   1.1489760e-01
   1.0540724e+01   2.3128540e+01   1.7267691e-01   3.7415022e-11   1.8129359e-01
   1.0641956e+01   7.4698443e+01   1.1257136e-01   1.0437318e-10   9.9145555e-02
   1.0652303e+01   3.0400659e+00   9.5086469e-02   1.5085169e-10   7.5508366e-02
   1.0719387e+01   5.6797003e+00   1.7697419e-01   7.5167189e-11   1.4392540e-01
   1.0771049e+01   7.1240826e+01   1.2278993e-01   1.6002498e-10   8.1526417e-02
   1.0832284e+01   6.0573100e+01   1.6683534e-01   6.8163975e-11   1.5920333e-01
   1.0891229e+01   8.6706428e+00   1.0341645e-01   1.1206345e-10   7.5875691e-02
   1.0965271e+01   7.9562017e+01   6.5279203e-02   1.0241897e-10   1.8208041e-01
   1.1004509e+01   1.0273564e+02   8.3955537e-02   3.2055795e-11   1.1078912e-01
   1.1063068e+01   4.7057685e+01   4.5863566e-02   4.3813612e-11   1.2943431e-01
   1.1108562e+01   3.5058972e+00   1.9570082e-01   1.1662167e-10   1.0245589e-01
   1.1211773e+01   2.7274997e+01   6.7674972e-02   1.0366152e-10   9.2667194e-02
   1.1277395e+01   5.5435985e+01   1.5778893e-02   1.7834216e-10   4.2752815e-02
   1.1308763e+01   6.8954975e+01   1.3691348e-01   8.8486296e-11   1.5651518e-01
   1.1381185e+01   2.3918408e+01   9.8880113e-02   1.5782525e-10   8.1401131e-02
   1.1452451e+01   1.1591537e+01   1.0884270e-01   1.4003324e-10   1.0090354e-01
   1.1455596e+01   7.8414081e+01   9.0984960e-03   1.7144788e-10   9.4172865e-02
   1.1538260e+01   1.0893967e+02   2.6891484e-02   7.6111164e-11   9.1853171e-02
   1.1569825e+01   2.9378719e+01   2.4989617e-02   1.6966429e-10   5.6833884e-02
   1.1665805e+01   3.0453432e+01   1.5628522e-01   1.2386507e-10   1.5276956e-01
   1.1696232e+01   2.2375358e+01   5.2184491e-02   1.5367208e-10   8.0064207e-02
   1.1750435e+01   2.5791300e+01   4.3179845e-02   1.7353668e-10   9.5863859e-02
   1.1855689e+01   1.0904632e+01   1.8622897e-01   7.8325062e-11   1.8530769e-01
   1.1868711e+01   7.7538567e+01   1.3922100e-01   4.9990827e-11   1.6261184e-01
   1.1954296e+01   5.3681270e+01   1.9013170e-01   1.1514427e-10   6.1301863e-02
   1.1989886e+01   7.5991514e+01   1.7084069e-01   1.2555982e-10   1.8053340e-01
   1.2046537e+01   6.5602928e+01   1.2638824e-02   5.4002601e-11   1.9332069e-01
   1.2127728e+01   1.9383219e+01   1.3032070e-01   6.0515213e-11   4.3589330e-02
   1.2188679e+01   5.0410117e+01   1.3304839e-01   9.6791504e-11   8.4518603e-02
   1.2220586e+01   5.1391976e+01   5.8746170e-02   8.2554138e-11   1.5893712e-01
   1.2305266e+01   7.2149653e+01   1.4498215e-02   7.1426815e-11   1.7997310e-01
   1.2325072e+01   3.9739227e+01   1.6027205e-01   5.6480552e-11   6.4077358e-02
   1.2409135e+01   5.9436006e+01   1.1440624e-02   6.7246753e-11   1.4647826e-01
   1.2462858e+01   8.2542641e+01   1.2186654e-02   1.4551953e-10   1.0614466e-01
   1.2537167e+01   1.7982171e+01   1.8328565e-01   4.2664839e-11   1.5422085e-01
   1.2581844e+01   8.6219530e+01   8.4024720e-03   1.1729086e-10   4.4647737e-02
   1.2615754e+01   9.5608496e+01   1.7645416e-01   1.6626767e-10   1.7011634e-01
   1.2681545e+01   5.2580464e+01   1.0136097e-01   8.2410567e-11   1.6101937e-01
   1.2721581e+01   2.1808399e+01   1.1037673e-01   4.0470505e-11   7.3557742e-02
   1.2804450e+01   4.9083770e+01   5.7843336e-02   8.1177209e-11   4.1158135e-02
   1.2880920e+01   6.1900974e+01   2.0597393e-02   3.5974760e-11   1.8864060e-01
   1.2930561e+01   1.0177865e+02   9.8503821e-02   1.7598995e-10   1.7377467e-01
   1.2972436e+01   2.6735705e+01   1.8599077e-01   4.3227184e-11   5.8085469e-02
   1.3049165e+01   9.9278736e+01   9.3576085e-02   6.6699319e-11   1.0492022e-01
   1.3105955e+01   7.3430087e+01   1.8770353e-01   1.4119013e-10   1.4101950e-01
   1.3123921e+01   8.8203770e+00   1.5861756e-01   6.3721455e-11   1.7724255e-01
   1.3192748e+01   6.1534275e+00   8.2489351e-02   1.7416087e-10   7.1352281e-02
   1.3250693e+01   2.2181843e+00   4.8825366e-02   1.5654540e-10   5.2993806e-02
   1.3330984e+01   1.0946778e+02   5.9075402e-03   1.1917138e-10   1.2819135e-01
   1.3411421e+01   7.0409611e+01   1.3821889e-01   5.7250108e-11   1.3693408e-01
   1.3427556e+01   9.4583280e+01   5.1272438e-02   6.2524277e-11   6.2454636e-02
   1.3495525e+01   7.3894885e+01   1.3206396e-01   1.6510209e-10   1.1714382e-01
   1.3543832e+01   1.0035212e+02   1.5689406e-01   1.1085252e-10   5.9504018e-02
   1.3635073e+01   6.5415949e+01   1.2903229e-01   7.0503160e-11   5.5666375e-02
   1.3663482e+01   6.7108671e+00   1.3867116e-01   2.6828802e-11   1.0322183e-01
   1.3725735e+01   1.4560217e+01   2.2963932e-02   1.3888024e-10   8.9865571e-02
   1.3799630e+01   8.8168735e+01   1.3635414e-01   9.5053391e-11   1.2476573e-01
   1.3857800e+01   1.7307911e+01   3.2108123e-02   1.2264578e-10   1.9353504e-01
   1.3883026e+01   9.4166538e+01   1.2686087e-01   1.1320004e-10   1.9911136e-01
   1.3982150e+01   1.0546436e+02   7.9638786e-02   9.5228911e-11   8.5278981e-02
   1.3999177e+01   1.0576513e+02   1.8514480e-01   1.2154345e-10   9.4666952e-02
   1.4078772e+01   5.9653020e+01   6.9037042e-03   5.4389864e-11   7.2714621e-02
   1.4105613e+01   1.0865885e+02   1.0093652e-01   9.6013298e-11   6.4638558e-02
   1.4192320e+01   6.4977824e+01   7.4942136e-02   1.7980529e-10   9.0884274e-02
   1.4259085e+01   1.0735425e+02   3.8141646e-02   8.8035897e-11   7.6368590e-02
   1.4331343e+01   3.8392577e+01   7.0203765e-02   1.5000341e-10   9.6402575e-02
   1.4374444e+01   1.0759438e+02   2.6812415e-03   1.1391045e-10   1.4949548e-01
   1.4393817e+01   7.5259146e+01   5.6731538e-02   8.7366088e-11   1.8807163e-01
   1.4467490e+01   8.2421103e+01   1.5891608e-01   1.0355235e-10   1.9081776e-01
   1.4538221e+01   9.6749894e+00   1.7489735e-01   1.3429543e-10   8.6095822e-02
   1.4574659e+01   5.6593612e+01   4.9582004e-02   2.2769819e-11   1.3991236e-01
   1.4678210e+01   7.1302429e+00   8.0251024e-02   3.2828797e-11   1.1335814e-01
   1.4725259e+01   5.5258195e+01   1.4070859e-01   4.8427139e-11   1.0679507e-01
   1.4783879e+01   1.9297185e+01   1.5236653e-01   7.9229580e-11   1.8907413e-01
   1.4820193e+01   3.2378111e+01   7.2074201e-02   9.2087052e-11   1.2112085e-01
   1.4888340e+01   4.8506390e+01   3.3739218e-02   1.4469028e-10   1.3407998e-01
   1.4916129e+01   9.2368272e+01   4.0932462e-02   5.1122746e-11   1.5462789e-01
   1.5002261e+01   1.6804998e+01   2.2015480e-02   1.0851032e-10   6.9446019e-02
   1.5070876e+01   1.0408372e+01   1.6850203e-01   2.7687495e-11   1.1855893e-01
   1.5100344e+01   4.8008368e+01   1.2639732e-01   1.6390135e-10   1.7648624e-01
   1.5186594e+01   9.2725101e+01   1.8138968e-01   1.5880801e-10   1.5560496e-01
   1.5245880e+01   1.3966486e+01   1.7390469e-02   4.0027994e-11   1.4235775e-01
   1.5273017e+01   9.0180797e+01   7.1083380e-02   2.3967078e-11   6.5859779e-02
   1.5365926e+01   7.0693508e+01   1.4206749e-01   1.0907144e-10   1.3789142e-01
   1.5419780e+01   5.9928164e+01   8.8283759e-04   2.9973124e-11   8.5689571e-02
   1.5438068e+01   3.6703820e+01   6.1652903e-02   1.7697162e-10   1.2609059e-01
   1.5531016e+01   7.9743488e+01   2.1898303e-03   6.5860704e-11   1.9451431e-01
   1.5577974e+01   4.9956011e+01   1.3364652e-01   8.4062829e-11   1.2869269e-01
   1.5602387e+01   5.8422079e+01   9.7676822e-02   1.5920256e-10   1.7266476e-01
   1.5671286e+01   5.1014259e+01   1.8970944e-01   1.0970148e-10   4.7996538e-02
   1.5752577e+01   4.1433184e+01   4.2258635e-02   1.5569054e-10   1.2629381e-01
   1.5774057e+01   4.2710485e+01   1.0384940e-01   7.5910405e-11   1.2979844e-01
   1.5845538e+01   8.9401311e+01   1.5112196e-01   1.7040201e-10   1.1992588e-01
   1.5943258e+01   2.0002460e+01   8.6797416e-02   8.1616120e-11   5.4416023e-02
   1.5991297e+01   6.4118251e+01   2.7718909e-02   3.3219579e-11   4.2383672e-02
   1.6019936e+01   1.5922186e+01   1.0004885e-01   5.5838855e-11   1.6007471e-01
   1.6067568e+01   5.4516028e+01   3.6019705e-02   1.2454158e-10   8.9149225e-02
   1.6119554e+01   1.0677115e+02   6.7153082e-02   9.7363365e-11   1.7467122e-01
   1.6192290e+01   2.5705827e+00   9.0060824e-02   1.2991871e-10   1.7314119e-01
   1.6268422e+01   3.3751157e+01   8.7252890e-02   1.2116459e-10   1.0279590e-01
   1.6325455e+01   1.6011815e+00   3.1593413e-02   4.6406589e-11   6.1899096e-02
   1.6361205e+01   4.7536608e+01   1.6563743e-01   1.4918271e-10   1.6820113e-01
   1.6421231e+01   9.5054161e+01   1.7815633e-01   1.6201591e-10   1.4306340e-01
   1.6516471e+01   5.1716698e+01   7.7720150e-02   3.7892441e-11   1.9022362e-01
   1.6576782e+01   2.6373179e+01   2.8167766e-02   6.7632829e-11   1.4670217e-01
   1.6593356e+01   5.2167735e+01   1.6987463e-01   1.5291985e-10   8.6973126e-02
   1.6682538e+01   1.0630541e+02   2.8986611e-02   9.9334654e-11   1.6602840e-01
   1.6725382e+01   8.4077359e+01   1.4819422e-01   9.8426972e-11   1.6387119e-01
   1.6780905e+01   4.4854789e+01   8.3571506e-02   1.6745091e-10   1.8387748e-01
   1.6840778e+01   3.1648541e+01   1.1925981e-01   7.2258627e-11   7.8607709e-02
   1.6921485e+01   1.2558421e+01   1.0965532e-01   8.4615534e-11   1.6448833e-01
   1.6970759e+01   6.3322318e+01   1.8900531e-01   1.1465876e-10   4.1368584e-02
   1.7025411e+01   1.1030575e+02   7.2581794e-02   3.5265351e-11   1.6215046e-01
   1.7091908e+01   3.3248871e+01   4.1815892e-02   6.2909655e-11   1.7558734e-01
   1.7131263e+01   2.4926175e+01   1.7237197e-02   6.8828969e-11   6.9634000e-02
   1.7174618e+01   4.5977779e+01   9.5500745e-02   1.1279148e-10   1.6374184e-01
   1.7254816e+01   4.6387746e+01   1.4453647e-01   1.7266600e-10   9.3587926e-02
   1.7273309e+01   6.1682180e+01   5.0218789e-02   7.2966572e-11   1.1237503e-01
   1.7362013e+01   4.0694102e+01   1.7440911e-01   1.0671106e-10   5.2326886e-02
   1.7416375e+01   1.1128616e+02   5.9310426e-02   8.6225637e-11   1.0904967e-01
   1.7448341e+01   3.4120789e+01   2.3858340e-02   1.5492747e-10   1.1549229e-01
   1.7536734e+01   5.7970356e+01   1.1747884e-01   1.3766550e-10   1.5690945e-01
   1.7564937e+01   3.2034229e+01   1.9655850e-01   1.6901477e-10   1.6755891e-01
   1.7659055e+01   5.6204104e+01   1.9503429e-01   6.1990529e-11   1.1292110e-01
   1.7716031e+01   8.1699716e+01   3.9646837e-03   2.0879564e-11   1.5214132e-01
   1.7764073e+01   6.7781030e+01   1.8069476e-01   3.4869077e-11   4.6760212e-02
   1.7793459e+01   1.0296548e+02   4.8030503e-02   1.2315981e-10   1.1157408e-01
   1.7875697e+01   6.0888894e+01   9.2451717e-02   4.1694426e-11   1.5730572e-01
   1.7915816e+01   3.7358155e+01   1.4129618e-01   5.2709132e-11   1.7941976e-01
   1.8014395e+01   3.1328451e+01   8.2136887e-02   1.5550900e-10   5.1164308e-02
   1.8062027e+01   4.2039772e+01   1.8683405e-01   1.3156098e-10   8.0598319e-02
   1.8133038e+01   7.5529323e+00   1.7320175e-01   1.0738414e-10   6.7256619e-02
   1.8169437e+01   3.5819222e+01   1.8479550e-02   2.5111639e-11   1.2282991e-01
   1.8228857e+01   1.1116566e+01   3.4328150e-02   6.4193036e-11   1.4535390e-01
   1.8267462e+01   4.2869627e+01   1.6216446e-01   4.7095897e-11   9.7039307e-02
   1.8327182e+01   5.4091211e+01   1.6460684e-01   1.3958363e-10   1.5018561e-01
   1.8402625e+01   9.6113064e+01   1.7148877e-01   7.3990786e-11   5.3701736e-02
   1.8444577e+01   5.1990482e-01   1.0471505e-01   1.5718916e-10   1.8222774e-01
   1.8521419e+01   6.6011506e+01   9.1321621e-02   6.1202151e-11   1.8702752e-01
   1.8562907e+01   9.8443462e+01   3.0781599e-02   3.1202595e-11   1.3208946e-01
   1.8647135e+01   1.3229496e+01   1.2017269e-01   3.3842574e-11   1.0787039e-01
   1.8656566e+01   2.2802858e+01   1.6185542e-01   1.6043054e-10   8.3336201e-02
   1.8753884e+01   4.5247258e+01   6.8564249e-02   1.0155879e-10   1.9483611e-01
   1.8796030e+01   9.9881041e+01   6.3091082e-02   4.1787428e-11   7.3842942e-02
   1.8863980e+01   7.4486930e+01   1.5414459e-01   3.1080477e-11   1.0716998e-01
   1.8938095e+01   9.0991341e+01   5.5697195e-02   1.6589165e-10   1.9835140e-01
   1.8975149e+01   1.0497526e+02   1.0791400e-01   1.0523608e-10   5.8718877e-02
   5.0446718e+00   4.3639411e-01   8.0230288e-04   2.0551969e-11   4.0036069e-02
   5.0645562e+00   1.0192336e+02   7.4199218e-02   1.6131457e-10   1.3339862e-01
   5.1688084e+00   1.3414742e+01   1.2244778e-01   1.6329478e-10   4.7490972e-02
   5.2219074e+00   1.6233683e+01   1.1417787e-01   1.2813749e-10   1.6518892e-01
   5.2767200e+00   2.1078949e+01   1.6874909e-01   1.0795787e-10   9.8371446e-02
   5.3362100e+00   1.2298917e+01   1.8222346e-01   5.0790017e-11   4.9177744e-02
   5.3627616e+00   2.8277883e+01   5.7218775e-02   1.3124957e-10   1.9629713e-01
   5.4103685e+00   8.7814190e+01   1.0539919e-01   9.8153534e-11   1.9000734e-01
   5.4679843e+00   7.6922030e+01   1.1586229e-01   1.3845698e-10   1.8581445e-01
   5.5363661e+00   9.1886115e+01   1.4324448e-01   2.5449688e-11   1.4466661e-01
   5.5948336e+00   9.8101945e+01   4.1323330e-03   1.3308237e-10   1.0145755e-01
   5.6367836e+00   6.7672097e+01   1.5373291e-01   1.7503509e-10   1.2370692e-01
   5.7103799e+00   1.1080408e+02   4.4929103e-02   1.0031615e-10   9.9794527e-02
   5.7953847e+00   8.1190566e+00   2.4437612e-02   8.0244709e-11   1.6896782e-01
   5.8350691e+00   1.5134948e+01   1.9371380e-02   1.1832004e-10   1.3471608e-01
   5.9034287e+00   2.3991752e+01   1.7603526e-01   5.5056663e-11   8.3897755e-02
   5.9612463e+00   8.5938099e+01   1.2973948e-01   1.6421200e-10   1.2712111e-01
   5.9848300e+00   9.7159634e+01   8.4884506e-02   2.1735774e-11   6.6788172e-02
   6.0824440e+00   3.5242995e+01   8.9298144e-02   5.3047731e-11   6.8650989e-02
   6.1387192e+00   3.0249779e+01   1.0256052e-01   1.7078343e-10   1.3671406e-01
   6.2053892e+00   3.7223847e+01   1.9373941e-01   7.9537377e-11   1.6688982e-01
   6.2360106e+00   3.9460703e+01   1.5167025e-01   9.0920982e-11   1.5074061e-01
   6.3032283e+00   1.1156151e+02   7.6927724e-02   1.3241154e-10   1.1833515e-01
   6.3785940e+00   6.6551509e+01   9.4643344e-02   1.3657801e-10   1.1927047e-01
   6.4121128e+00   4.6849416e+01   1.1944734e-01   1.0174435e-10   7.4820335e-02
   6.4610911e+00   9.6504219e+01   3.9994535e-02   1.2773358e-10   7.0441946e-02
   6.5450632e+00   5.6745940e+01   5.4981630e-02   5.1927853e-11   1.4508889e-01
   6.5963268e+00   9.7263217e+00   1.5037081e-01   2.6018716e-11   1.5325882e-01
   6.6671054e+00   9.8863356e+01   1.9154699e-01   1.2727168e-10   1.1001921e-01
   6.7223316e+00   5.8644459e+01   1.1173219e-01   3.8494590e-11   1.1669650e-01
   6.7847631e+00   2.7699812e+01   1.6719350e-01   9.1765362e-11   1.9544364e-01
   6.8425603e+00   1.0065494e+02   1.1356706e-01   2.8405933e-11   1.6945915e-01
   6.8962122e+00   6.9919769e+01   6.2135133e-02   8.3796777e-11   1.8328644e-01
   6.9554068e+00   6.3012463e+01   1.6316463e-01   9.3426149e-11   1.9737541e-01
   7.0062656e+00   1.8576053e+01   6.3607567e-02   1.5121161e-10   6.0999542e-02
   7.0501629e+00   1.0443711e+02   3.6454928e-02   4.5842269e-11   1.8471342e-01
   7.0798714e+00   3.6134609e+01   3.7661907e-02   3.6610301e-11   9.0515572e-02
   7.1593476e+00   4.0396762e+01   1.4549897e-01   1.3639572e-10   7.2110291e-02
   7.2364679e+00   9.3767646e+01   1.7961594e-01   2.9747596e-11   1.5130547e-01
   7.2688479e+00   1.0787231e+02   6.4735836e-02   4.4620782e-11   1.3105970e-01
   7.3078460e+00   7.2461114e+01   1.7879872e-01   1.4206833e-10   8.2570571e-02
   7.4153742e+00   8.6992048e+01   8.0736984e-02   1.4901452e-10   1.0949500e-01
   7.4563360e+00   4.4135605e+01   1.4723177e-01   4.5518149e-11   6.0113623e-02
   7.5012111e+00   1.0385616e+02   1.1491373e-01   1.3463181e-10   1.3249595e-01
   7.5424883e+00   3.2986330e+01   5.3447405e-02   1.6762604e-10   1.2503798e-01
   7.6108821e+00   5.3098882e+01   1.0267243e-02   1.7892569e-10   7.7902678e-02
   7.7064106e+00   2.9609726e+01   1.1606326e-01   1.2065014e-10   4.9597300e-02
   7.7413255e+00   4.4529989e+01   4.4108370e-02   9.4118968e-11   5.7268909e-02
   7.8081632e+00   7.3064843e+01   1.2155319e-01   1.2497595e-10   6.8162883e-02
   7.8737815e+00   8.1340683e+01   9.1918142e-02   1.4741536e-10   9.7833619e-02
   7.9244746e+00   7.8275246e+01   1.2549222e-01   4.9551099e-11   1.9170868e-01
   7.9941762e+00   4.8884093e+00   1.4970112e-01   2.9052550e-11   1.2298891e-01
   8.0516216e+00   3.4818056e+01   1.9908526e-01   1.1753923e-10   1.4923169e-01
   8.0616308e+00   1.5219190e+01   1.3520260e-01   1.1984376e-10   1.7215729e-01
   8.1323492e+00   7.9138585e+01   1.9330962e-01   7.7916917e-11   1.6133689e-01
   8.2257057e+00   7.1841816e+01   3.0367038e-02   1.0614201e-10   1.0018294e-01
   8.2694120e+00   8.5081822e+01   7.8367506e-02   1.6257916e-10   4.4412315e-02
   8.3350147e+00   2.4825026e+01   1.6086866e-01   5.8492442e-11   1.7794386e-01
   8.3902703e+00   1.3144273e+00   4.6772014e-02   1.4677965e-10   1.7162489e-01
   8.4353357e+00   2.6195755e+01   1.1809874e-01   1.4419117e-10   1.9966553e-01
   8.4794977e+00   6.8223415e+01   8.8444347e-02   5.7825517e-11   6.5563893e-02
   8.5146931e+00   3.9726821e+00   1.8357829e-01   1.7315108e-10   5.1313562e-02
   8.6125170e+00   5.2537879e+00   5.4009060e-02   1.3581664e-10   7.9189629e-02
   8.6340564e+00   8.0807599e+01   1.3489749e-01   4.8285726e-11   4.5689427e-02
   8.7442550e+00   8.8522788e+01   7.6458665e-02   8.5788152e-11   5.5943210e-02
   8.8017982e+00   8.7336415e+01   9.6608886e-02   5.9352442e-11   1.3818502e-01
   8.8407815e+00   2.0633219e+01   1.3143930e-01   7.7126334e-11   7.6949107e-02
   8.9090933e+00   9.3504629e+01   1.6512010e-01   1.4271731e-10   1.0393872e-01
   8.9565304e+00   9.1280074e+01   1.5540828e-01   1.3355715e-10   1.9728820e-01
   9.0237540e+00   8.5455130e+01   3.4640626e-02   1.7624269e-10   1.0576351e-01
   9.0878972e+00   6.2549164e+01   1.4242398e-01   5.9639782e-11   1.3545959e-01
   9.1130507e+00   7.7338848e+01   3.8739384e-02   1.5226077e-10   1.7585553e-01
   9.1556272e+00   7.6050874e+01   1.5447913e-02   3.9709085e-11   1.1415649e-01
   9.2104274e+00   9.7253699e+01   8.6074336e-02   1.1102004e-10   1.2176310e-01
   9.2768411e+00   8.9540382e+01   2.5896875e-02   1.5326209e-10   1.7089191e-01
   9.3580179e+00   1.7689128e+01   1.3306461e-02   1.2867521e-10   8.8255724e-02
   9.4272326e+00   4.9334886e+01   1.9817091e-01   1.4808507e-10   1.1630071e-01
   9.4715345e+00   8.3762166e+01   1.5745410e-01   1.3038332e-10   4.5951677e-02
   9.5002177e+00   4.1501460e+01   6.9230227e-02   6.5358932e-11   1.5791127e-01
   9.5813230e+00   2.1598004e+01   1.9236308e-01   6.9906066e-11   1.3083751e-01
   9.6399645e+00   1.0998090e+02   4.7593653e-02   8.6735852e-11   5.4698731e-02
   9.7218603e+00   8.3188757e+01   1.2796600e-01   1.7751692e-10   6.3157134e-02
   9.7450387e+00   6.3782009e+01   1.9677964e-01   8.9559899e-11   1.3931412e-01
   9.8097873e+00   8.4686869e+01   7.9404425e-03   1.0049901e-10   8.7521893e-02
   9.8837650e+00   2.8826235e+01   1.4588668e-01   9.0140857e-11   1.8680919e-01
   9.9525928e+00   1.0331547e+02   2.0484712e-02   2.2209977e-11   1.2073077e-01
   9.9837496e+00   4.2213345e+00   6.0314055e-02   1.4113976e-10   5.0443443e-02
