41
44
38
45
45
39
43
44
17
42
44
36
45
45
44
41
40
30
22
35
32
18
34
34
34
18
20
21
35
29
26
34
34
36
36
16
34
34
30
17
27
15
17
26
17
29
25
22
21
15
28
26
25
29
26
22
19
15
26
19
28
29
27
22
18
29
19
26
22
27
15
25
22
19
21
13
20
27
23
17
19
21
22
19
18
17
17
21
23
24
15
17
23
6
18
12
22
23
23
19
21
23
21
17
21
18
18
18
20
17
23
23
18
17
23
17
23
20
21
20
23
18
17
17
21
22
18
22
18
17
22
22
21
12
20
18
18
20
20
22
22
15
17
20
22
22
19
20
17
19
22
18
18
20
18
21
7
81
100
82
94
75
64
75
82
59
30
95
59
45
44
69
83
52
55
67
68
66
62
63
63
53
51
54
72
55
63
54
55
63
58
43
43
65
55
50
66
58
55
60
50
35
59
48
60
58
55
46
59
54
56
40
50
54
40
53
48
57
43
53
49
49
54
58
56
37
47
37
22
45
35
22
54
52
43
51
41
50
52
18
50
20
38
